Location:
  World: Lobby
  X: 0.4479272141854419
  Y: 65.0
  Z: 0.2559620319692934
  Yaw: 179.10037
  Pitch: 0.7501712
